0.03192871728234639
0.044180434379060704
0.0315574531279005
0.0475218117690737
0.05865973640245034
0.06422869871913867
0.04937813254130314
0.03712641544458883
0.051976981622424354
0.05921663263411918
0.05030629292741786
0.028030443660664563
0.0038982736216818265
0.03675515129014294
0.042509745684054204
0.011509188787822536
0.013736773714497864
0.034156302209021716
0.033599405977352885
0.02116205680341563
0.03749767959903471
0.01800631149062558
0.0252459625023204
0.009838500092816038
0.017263783181733803
0.011509188787822536
0.0012994245405606088
0.1279005012066085
0.0
0.00037126415444588826
0.00037126415444588826
0.00037126415444588826
0.007239651011694821
0.0012994245405606088
0.0018563207722294413
0.0011137924633376648
0.0012994245405606088
0.001485056617783553
0.0022275849266753297
0.0025988490811212177
0.0
0.0005568962316688324
0.0005568962316688324
0.0005568962316688324
0.0
0.00037126415444588826
0.0012994245405606088
0.0
0.001670688695006497
0.001485056617783553
0.0011137924633376648
0.0
0.0005568962316688324
0.0
0.0
0.0035270094672359385
0.001670688695006497
0.0011137924633376648
0.0038982736216818265
0.005383330239465379
0.0024132170038982737
0.006125858548357156
0.0025988490811212177
0.0007425283088917765
0.0011137924633376648
0.0011137924633376648
0.0007425283088917765
0.00037126415444588826
0.0
0.0005568962316688324
0.0007425283088917765
0.00018563207722294413
0.00018563207722294413
0.001485056617783553
0.0040839056989047705
0.0012994245405606088
0.0
0.0012994245405606088
0.0018563207722294413
0.0018563207722294413
0.0009281603861147206
0.0012994245405606088
0.0
0.0009281603861147206
0.0
0.0035270094672359385
0.0
0.00037126415444588826
0.0005568962316688324
0.0
0.00018563207722294413
0.0007425283088917765
0.002970113235567106
0.0038982736216818265
0.004826434007796547
0.00037126415444588826
0.00018563207722294413
0.005197698162242435
0.0025988490811212177
0.00018563207722294413
0.0005568962316688324
0.00037126415444588826
0.00037126415444588826
0.0
0.00018563207722294413
0.00037126415444588826
0.0005568962316688324
0.0
0.0
0.00037126415444588826
0.0
0.00315574531279005
0.0007425283088917765
0.006682754780025988
0.00018563207722294413
0.00018563207722294413
0.0
0.0022275849266753297
0.001670688695006497
0.003341377390012994
0.0037126415444588825
0.008353443475032486
0.005197698162242435
0.0009281603861147206
0.0005568962316688324
0.004826434007796547
0.001485056617783553
0.00018563207722294413
0.0
0.00018563207722294413
0.0009281603861147206
0.00018563207722294413
0.00018563207722294413
0.0011137924633376648
0.0
0.00018563207722294413
0.00037126415444588826
0.0
0.0
0.0040839056989047705
0.0020419528494523853
0.003341377390012994
0.0
0.00018563207722294413
0.0
0.0020419528494523853
0.0040839056989047705
0.00315574531279005
0.005197698162242435
0.0038982736216818265
0.0007425283088917765
0.0024132170038982737
0.00018563207722294413
0.0018563207722294413
0.0027844811583441617
0.0
0.0020419528494523853
0.005754594393911268
0.0009281603861147206
0.0012994245405606088
0.004455169853350659
0.0011137924633376648
0.003341377390012994
0.00018563207722294413
0.0018563207722294413
0.00018563207722294413
0.0
0.005568962316688323
0.0011137924633376648
0.007054018934471877
0.0005568962316688324
0.0007425283088917765
0.00018563207722294413
0.0005568962316688324
0.0025988490811212177
0.0024132170038982737
0.002970113235567106
0.009281603861147207
0.008539075552255429
0.00315574531279005
0.0005568962316688324
0.007054018934471877
0.0027844811583441617
0.0007425283088917765
0.00018563207722294413
0.00037126415444588826
0.0005568962316688324
0.00018563207722294413
0.001485056617783553
0.00018563207722294413
0.0
0.00018563207722294413
0.0007425283088917765
0.00018563207722294413
0.0
0.009838500092816038
0.002970113235567106
0.0009281603861147206
0.00037126415444588826
0.0011137924633376648
0.001670688695006497
0.0038982736216818265
0.00037126415444588826
0.005754594393911268
0.0018563207722294413
0.0012994245405606088
0.0022275849266753297
0.0037126415444588825
0.00037126415444588826
0.001670688695006497
0.00315574531279005
0.0009281603861147206
0.00018563207722294413
0.001670688695006497
0.001670688695006497
0.0005568962316688324
0.0009281603861147206
0.0005568962316688324
0.0007425283088917765
0.0
0.0011137924633376648
0.0009281603861147206
0.0
0.008724707629478374
0.0024132170038982737
0.0011137924633376648
0.0009281603861147206
0.001670688695006497
0.0018563207722294413
0.002970113235567106
0.003341377390012994
0.0009281603861147206
0.0011137924633376648
0.0020419528494523853
0.0011137924633376648
0.001485056617783553
0.0
0.0005568962316688324
0.0011137924633376648
0.0005568962316688324
0.00037126415444588826
0.00315574531279005
0.0020419528494523853
0.0022275849266753297
0.00037126415444588826
0.00018563207722294413
0.0012994245405606088
0.00018563207722294413
0.0
0.00037126415444588826
0.00037126415444588826
0.003341377390012994
0.0007425283088917765
0.0007425283088917765
0.0025988490811212177
0.0020419528494523853
0.004826434007796547
0.0042695377761277145
0.0020419528494523853
0.0020419528494523853
0.001485056617783553
0.0024132170038982737
0.00018563207722294413
0.0007425283088917765
0.0
0.0009281603861147206
0.00315574531279005
0.00037126415444588826
0.0007425283088917765
0.0038982736216818265
0.001670688695006497
0.0007425283088917765
0.004455169853350659
0.0020419528494523853
0.001485056617783553
0.00018563207722294413
0.0007425283088917765
0.0007425283088917765
0.0
0.006682754780025988
0.0018563207722294413
0.001670688695006497
0.005383330239465379
0.007425283088917765
0.002970113235567106
0.00946723593837015
0.0035270094672359385
0.001485056617783553
0.00037126415444588826
0.0011137924633376648
0.0035270094672359385
0.00037126415444588826
0.00037126415444588826
0.0009281603861147206
0.00018563207722294413
0.00018563207722294413
0.00037126415444588826
0.0011137924633376648
0.0040839056989047705
0.0020419528494523853
0.0007425283088917765
0.001485056617783553
0.0011137924633376648
0.001485056617783553
0.00018563207722294413
0.0011137924633376648
0.0
0.004640801930573603
0.001670688695006497
0.00037126415444588826
0.005012066085019491
0.007425283088917765
0.0024132170038982737
0.007239651011694821
0.0024132170038982737
0.0012994245405606088
0.00018563207722294413
0.0022275849266753297
0.00037126415444588826
0.0024132170038982737
0.0
0.0011137924633376648
0.0005568962316688324
0.00037126415444588826
0.0
0.0020419528494523853
0.00315574531279005
0.0007425283088917765
0.0009281603861147206
0.0012994245405606088
0.0009281603861147206
0.0018563207722294413
0.00037126415444588826
0.0011137924633376648
0.00018563207722294413
0.0025988490811212177
0.005197698162242435
0.0007425283088917765
0.00018563207722294413
0.0007425283088917765
0.0012994245405606088
0.001485056617783553
0.0009281603861147206
0.0007425283088917765
0.0020419528494523853
0.0037126415444588825
0.001670688695006497
0.0
0.0
0.00018563207722294413
0.0
0.0
0.00018563207722294413
0.00037126415444588826
0.00018563207722294413
0.0
0.00315574531279005
0.00018563207722294413
0.001485056617783553
0.0
0.00037126415444588826
0.0012994245405606088
0.0
0.0018563207722294413
0.00018563207722294413
0.00018563207722294413
0.00037126415444588826
0.0005568962316688324
0.0
0.0005568962316688324
0.00018563207722294413
0.0
0.00018563207722294413
0.0
0.0
0.0
0.00018563207722294413
0.0005568962316688324
0.0
0.00018563207722294413
0.0
0.0
0.00018563207722294413
0.0
0.0
0.00018563207722294413
0.0
0.0
0.0
0.0
0.0
0.00037126415444588826
0.0011137924633376648
0.0012994245405606088
0.0018563207722294413
0.0063114906255801
0.0027844811583441617
0.007425283088917765
0.0011137924633376648
0.0
0.00037126415444588826
0.0009281603861147206
0.00018563207722294413
0.00037126415444588826
0.00018563207722294413
0.00037126415444588826
0.00037126415444588826
0.0
0.00037126415444588826
0.0025988490811212177
0.0022275849266753297
0.0007425283088917765
0.0
0.0011137924633376648
0.0011137924633376648
0.0020419528494523853
0.00037126415444588826
0.00018563207722294413
0.00018563207722294413
0.0011137924633376648
0.0011137924633376648
0.001485056617783553
0.00315574531279005
0.0007425283088917765
0.0038982736216818265
0.0024132170038982737
0.0011137924633376648
0.00037126415444588826
0.005568962316688323
0.001485056617783553
0.0005568962316688324
0.00018563207722294413
0.0
0.0007425283088917765
0.00037126415444588826
0.0009281603861147206
0.0020419528494523853
0.0018563207722294413
0.0012994245405606088
0.0009281603861147206
0.0035270094672359385
0.0007425283088917765
0.0011137924633376648
0.00018563207722294413
0.0005568962316688324
0.00018563207722294413
0.0
0.005940226471134212
0.0007425283088917765
0.0
0.0
0.0
0.0009281603861147206
0.00037126415444588826
0.0
0.0
0.00037126415444588826
0.0
0.00018563207722294413
0.00018563207722294413
0.0
0.00018563207722294413
0.0018563207722294413
0.0
0.0011137924633376648
0.0
0.0005568962316688324
0.00018563207722294413
0.00037126415444588826
0.00037126415444588826
0.0005568962316688324
0.00018563207722294413
0.00037126415444588826
0.0
0.0
0.002970113235567106
0.00018563207722294413
0.00018563207722294413
0.0
0.0
0.0027844811583441617
0.0
0.0
0.0
0.0005568962316688324
0.0009281603861147206
0.0
0.0
0.0
0.0
0.0005568962316688324
0.0005568962316688324
0.0
0.00037126415444588826
0.0
0.0
0.0011137924633376648
0.00018563207722294413
0.001670688695006497
0.0
0.00018563207722294413
0.0
0.0
0.004455169853350659
0.00018563207722294413
0.0027844811583441617
0.00018563207722294413
0.00037126415444588826
0.0011137924633376648
0.00037126415444588826
0.004826434007796547
0.0020419528494523853
0.001485056617783553
0.0027844811583441617
0.0012994245405606088
0.0007425283088917765
0.00037126415444588826
0.0012994245405606088
0.0027844811583441617
0.0005568962316688324
0.00018563207722294413
0.0
0.0
0.0005568962316688324
0.0025988490811212177
0.0009281603861147206
0.00018563207722294413
0.0
0.0020419528494523853
0.0
0.0
0.004455169853350659
0.0007425283088917765
0.003341377390012994
0.0
0.001670688695006497
0.00315574531279005
0.0011137924633376648
0.0020419528494523853
0.0024132170038982737
0.0018563207722294413
0.0035270094672359385
0.0042695377761277145
0.0
0.00018563207722294413
0.0020419528494523853
0.0012994245405606088
0.0
0.0
0.00018563207722294413
0.00037126415444588826
0.0
0.0009281603861147206
0.0011137924633376648
0.00018563207722294413
0.00018563207722294413
0.0
0.00018563207722294413
0.0
0.0027844811583441617
0.00018563207722294413
0.0007425283088917765
0.0
0.0
0.00018563207722294413
0.00018563207722294413
0.0011137924633376648
0.0011137924633376648
0.0025988490811212177
0.001670688695006497
0.0012994245405606088
0.0009281603861147206
0.0
0.0005568962316688324
0.0005568962316688324
0.0009281603861147206
0.00037126415444588826
0.0005568962316688324
0.0005568962316688324
0.0
0.0005568962316688324
0.00018563207722294413
0.00018563207722294413
0.0
0.0
0.0
0.0
0.006682754780025988
0.0020419528494523853
0.0005568962316688324
0.00018563207722294413
0.0007425283088917765
0.004640801930573603
0.0009281603861147206
0.005012066085019491
0.0012994245405606088
0.0020419528494523853
0.0
0.0
0.0005568962316688324
0.0
0.00018563207722294413
0.0012994245405606088
0.00037126415444588826
0.001485056617783553
0.0022275849266753297
0.0009281603861147206
0.0025988490811212177
0.00018563207722294413
0.00018563207722294413
0.001670688695006497
0.0007425283088917765
0.0024132170038982737
0.0007425283088917765
0.0
0.004455169853350659
0.0009281603861147206
0.0005568962316688324
0.00037126415444588826
0.0020419528494523853
0.0012994245405606088
0.0007425283088917765
0.00018563207722294413
0.0005568962316688324
0.00037126415444588826
0.0012994245405606088
0.0012994245405606088
0.0005568962316688324
0.00018563207722294413
0.0012994245405606088
0.0009281603861147206
0.00018563207722294413
0.0
0.00037126415444588826
0.0011137924633376648
0.00018563207722294413
0.00037126415444588826
0.00037126415444588826
0.0005568962316688324
0.00018563207722294413
0.0
0.00018563207722294413
0.00018563207722294413
0.001670688695006497
0.00018563207722294413
0.0012994245405606088
0.00037126415444588826
0.00018563207722294413
0.004826434007796547
0.0007425283088917765
0.0007425283088917765
0.0009281603861147206
0.0022275849266753297
0.0009281603861147206
0.0020419528494523853
0.001485056617783553
0.0
0.0009281603861147206
0.0011137924633376648
0.00018563207722294413
0.0005568962316688324
0.00018563207722294413
0.00018563207722294413
0.0005568962316688324
0.0011137924633376648
0.00037126415444588826
0.00018563207722294413
0.0
0.001485056617783553
0.0
0.0
0.0024132170038982737
0.0
0.0007425283088917765
0.00018563207722294413
0.00018563207722294413
0.0
0.00037126415444588826
0.00037126415444588826
0.0005568962316688324
0.001485056617783553
0.0011137924633376648
0.0020419528494523853
0.00018563207722294413
0.00018563207722294413
0.0005568962316688324
0.0009281603861147206
0.0
0.0
0.0
0.0
0.0
0.00037126415444588826
0.0
0.0
0.0
0.0
0.0
0.0
0.0005568962316688324
0.0007425283088917765
0.0007425283088917765
0.0005568962316688324
0.00018563207722294413
0.0007425283088917765
0.00037126415444588826
0.001485056617783553
0.00018563207722294413
0.0007425283088917765
0.00037126415444588826
0.00037126415444588826
0.00018563207722294413
0.0
0.00018563207722294413
0.001485056617783553
0.00037126415444588826
0.00037126415444588826
0.0009281603861147206
0.0005568962316688324
0.0022275849266753297
0.0007425283088917765
0.0
0.001485056617783553
0.0
0.0
0.00037126415444588826
0.0
0.0018563207722294413
0.0
0.0005568962316688324
0.0
0.0009281603861147206
0.0011137924633376648
0.00037126415444588826
0.0007425283088917765
0.0005568962316688324
0.0007425283088917765
0.0005568962316688324
0.0009281603861147206
0.0007425283088917765
0.0
0.00037126415444588826
0.00037126415444588826
0.00018563207722294413
0.0
0.00018563207722294413
0.0007425283088917765
0.0
0.0011137924633376648
0.0
0.0
0.0
0.0
0.0
0.00037126415444588826
0.0009281603861147206
0.0
0.0
0.0
0.00018563207722294413
0.0
0.0
0.0
0.0
0.0
0.0
0.00018563207722294413
0.00018563207722294413
0.0
0.0
0.0
0.0
0.0
0.0
0.00018563207722294413
0.0
0.0
0.00018563207722294413
0.0
0.0
0.0
0.00018563207722294413
0.0
0.00018563207722294413
0.00315574531279005
0.0020419528494523853
0.004826434007796547
0.005568962316688323
0.005754594393911268
0.006682754780025988
0.004826434007796547
0.003341377390012994
0.007054018934471877
0.0027844811583441617
0.0042695377761277145
0.00315574531279005
0.00037126415444588826
0.0020419528494523853
0.00946723593837015
0.0027844811583441617
0.0024132170038982737
0.0038982736216818265
0.0037126415444588825
0.0038982736216818265
0.005940226471134212
0.0007425283088917765
0.0024132170038982737
0.00018563207722294413
0.0025988490811212177
0.0018563207722294413
0.0
0.03211434935956933
