0.06051963503631766
0.01212791844868402
0.01475963268613564
0.03608263827516225
0.08227350732840612
0.012145055192555798
0.018010717809238665
0.04574531371257764
0.054404265580360316
0.0015104815669838595
0.010179225859836124
0.03376672974620482
0.018164948504084667
0.047576497200590484
0.05927599705248005
0.00962105763086964
0.0005434795913621019
0.034187804024197084
0.04288592559225811
0.07149449543305776
0.023288834921746285
0.0065780615404953495
0.019709703558812082
0.0010845110764568068
0.021908102986934457
0.00060713035431442
0.01638517524768715
0.24516315404219066
1.2240531336984276e-05
0.0017185705997125923
0.0018581126569542131
0.0026439547687886035
7.344318802190566e-06
0.0003476310899703534
0.0006414038420579761
0.00010282046323066792
0.0029793453274219728
3.4273487743555974e-05
0.001015964100969695
0.006164331581305281
0.0018679050820238005
0.011050751691029405
4.89621253479371e-06
0.000506757997351149
0.0
0.004719948883541137
0.006847353229909004
0.007248842657762088
0.0007956345369039779
0.0012974963217203333
0.0004431072343988308
7.09950817545088e-05
0.0028030816761693994
0.0002350182016700981
7.833940055669936e-05
0.005023514060698347
0.001388076253614017
9.792425069587421e-05
4.89621253479371e-06
0.0
0.0029034540331326704
0.0
0.0
0.0
0.0005948898229774358
2.9377275208762263e-05
0.0
0.0008935587875998521
0.0
0.0
0.002807977888704193
0.0
0.0
0.00048227693467718045
9.057993189368364e-05
1.4688637604381132e-05
0.0019927585016610403
9.79242506958742e-06
2.2032956406571695e-05
0.0
0.00042352238425965596
0.0
0.00013954205724162075
0.00023257009540270123
0.0024970683927447923
2.448106267396855e-06
6.609886921971509e-05
9.79242506958742e-06
0.0022914274662834563
0.0
0.0
0.002350182016700981
0.0005336871662925144
0.0
0.0017699808313279262
0.0004382110218640371
2.448106267396855e-06
0.0
0.0024970683927447923
0.0
4.89621253479371e-06
0.0007075027112776912
3.4273487743555974e-05
0.0007956345369039779
0.0003109094959594006
0.0
0.0
0.0
2.9377275208762263e-05
0.0
6.609886921971509e-05
0.0003525273025051471
0.0017822213626649105
4.89621253479371e-06
0.0
0.0011261288830025533
0.002107819496228692
1.7136743871777987e-05
4.1617806545746536e-05
1.958485013917484e-05
0.002717397956810509
7.344318802190566e-06
9.79242506958742e-06
0.00046514019080540247
0.0001248534196372396
0.0016940895370386238
0.0029181426707370513
2.448106267396855e-06
0.0
0.0005630644415012767
0.0004357629155966402
1.7136743871777987e-05
0.00016647122618298614
2.2032956406571695e-05
3.4273487743555974e-05
0.0
0.000896006893867249
0.0
0.002298771785085647
0.01861050384475089
0.004044271553739605
0.0005973379292448326
0.0012730152590463646
0.005055339442174506
0.0019364520575109124
0.00038680079024870314
0.00019340039512435157
7.09950817545088e-05
0.0005826492916404516
4.89621253479371e-06
5.385833788273081e-05
0.0032363964854986425
0.0011114402453981723
0.006166779687572678
0.0002497068392744792
0.0009327284878782018
0.00011506099456765219
0.010350593298553904
0.003584027575468996
0.0036085086381429645
8.323561309149307e-05
0.0015814766487383684
0.0006120265668492138
0.0008519409810541056
0.0018654569757564036
2.4481062673968552e-05
0.00238200739817714
0.03131862347880797
0.0005753049728382609
0.0
0.0
0.0
0.0010012754633653138
0.0008372523434497244
0.0
0.0
0.0012901520029181426
0.0
0.0
0.0002448106267396855
2.448106267396855e-06
0.0
0.0018287353817454507
0.0
0.0
0.0006242670981861981
2.448106267396855e-06
0.0004553477657358151
0.0004137299591900685
0.0
7.344318802190566e-06
0.0
2.4481062673968552e-05
0.0
0.0002129852452635264
0.004624472739112659
0.0007613610491604219
0.0
0.0
2.448106267396855e-06
0.0016671603680972584
2.448106267396855e-06
9.057993189368364e-05
0.002487275967675205
0.0007687053679626125
0.0
0.0
0.00031825381476159115
0.0
6.120265668492138e-05
0.0030356517715721004
0.0
0.0
0.00030846138969200376
0.00024236252047228865
1.7136743871777987e-05
0.0009890349320283295
0.0
0.0
0.0
4.1617806545746536e-05
0.0
0.0008201155995779465
0.006396901676707982
0.007043201731300752
4.1617806545746536e-05
0.0
4.89621253479371e-06
0.021829763586377757
2.448106267396855e-06
0.0
7.344318802190566e-06
0.005779978897323975
0.0
0.0
2.6929168941365406e-05
2.2032956406571695e-05
9.79242506958742e-06
0.004431072343988308
2.448106267396855e-06
0.0
0.0004871731472119742
2.9377275208762263e-05
0.0015839247550057654
0.00043331480932924334
0.0
0.0
0.0
0.00028642843328543203
0.0
0.0006487481608601666
0.00307482147185045
0.00040638564038787797
0.0002129852452635264
0.0017822213626649105
0.004502067425742816
0.0011873315396874749
0.0016157501364819245
0.0017993581065366886
0.0
2.6929168941365406e-05
0.0
0.0011285769892699503
0.0016598160492950677
0.0019364520575109124
0.012957826473331555
0.000861733406123693
0.00022522577660051066
2.2032956406571695e-05
0.0014639675479033193
0.003667263188560489
0.0074422430528864394
3.1825381476159114e-05
0.0008152193870431528
0.0
7.344318802190566e-05
0.0
7.58912942893025e-05
2.6929168941365406e-05
0.010482791036993334
0.0002741879019484478
0.0
0.0
0.0
0.00020808903272873268
0.0
0.0
0.0
2.2032956406571695e-05
0.0
0.0
0.0
0.0
0.0
0.00015912690738079558
0.0
0.0
0.0
0.0
0.0
0.0008421485559845182
2.448106267396855e-06
0.0
0.0
0.0
0.0
2.448106267396855e-06
0.0
0.00016647122618298614
1.2240531336984276e-05
0.0
0.0
0.003615852956945155
2.2032956406571695e-05
0.0
0.0
0.0017528440874561484
2.448106267396855e-06
0.0
0.00021543335153092325
0.0
0.0011628504770135062
7.344318802190566e-06
0.0
0.0
1.2240531336984276e-05
0.0004553477657358151
5.385833788273081e-05
4.89621253479371e-06
0.0
0.0
0.0
8.078750682409623e-05
0.0
0.0002741879019484478
0.0023403895916313936
0.0018605607632216099
1.2240531336984276e-05
1.7136743871777987e-05
0.00341755634928601
0.004005101853461255
0.00037456025891171885
0.0
2.448106267396855e-06
0.003476310899703534
4.89621253479371e-06
0.0005189985286881333
0.007150918407066214
8.323561309149307e-05
7.344318802190566e-06
0.0022571539785399006
5.385833788273081e-05
0.0
4.651401908054025e-05
0.000506757997351149
0.0003280462398311786
0.0003819045777139094
5.385833788273081e-05
0.00036231972757473456
0.0
0.0027027093192061283
0.0
0.0008984550001346458
0.005243843624764064
0.001806702425338879
0.000354975408772544
2.448106267396855e-06
0.0
0.006259807725733759
2.448106267396855e-06
2.448106267396855e-06
2.448106267396855e-06
0.0010282046323066792
0.0
0.0
1.4688637604381132e-05
0.00022522577660051066
0.0003109094959594006
0.0016255425615515119
0.0003329424523659723
0.0
0.00020319282019393899
0.00018115986378736728
0.0
0.0004945174660141647
0.0
7.344318802190566e-06
0.0
0.001588820967540559
0.0
0.0005679606540360704
0.0031531608724071495
0.0009302803816108049
9.792425069587421e-05
0.0011922277522222685
0.00787066164968089
0.0033734904364728664
5.875455041752453e-05
0.007324733952051391
4.89621253479371e-06
0.0012093644960940464
5.875455041752453e-05
0.0009033512126694395
0.0004969655722815616
1.958485013917484e-05
0.0005459276976294987
0.0028446994827151456
4.89621253479371e-06
0.0
2.448106267396855e-06
0.000861733406123693
0.0027296384881474933
0.0002668435831462572
0.00013464584470682702
7.344318802190566e-06
4.89621253479371e-06
0.0019168672073717377
2.448106267396855e-06
0.0008494928747867088
0.01386362579226839
0.0002129852452635264
0.0005679606540360704
0.0003770083651791157
0.002090682752356914
0.0005655125477686735
0.0032021229977550864
0.00011261288830025533
0.00010282046323066792
0.000727087561416866
8.568371935888993e-05
0.0013489065533356672
0.002651299087590794
0.0031164392783961966
0.006440967589521126
0.003468966580901344
0.0007638091554278188
0.0
0.005586578502199623
0.0011628504770135062
0.0029107983519348606
0.011053199797296801
0.0010037235696327106
0.0028153222075063835
3.916970027834968e-05
0.0005092061036185458
4.8962125347937104e-05
0.0004431072343988308
0.007868213543413492
0.0007736015804974063
2.448106267396855e-06
0.0
0.0
0.0014982410356468754
0.0
4.89621253479371e-06
0.000609578460581817
0.0005997860355122295
0.0
0.0
0.001033100844841473
2.2032956406571695e-05
1.4688637604381132e-05
0.0005508239101642924
0.0004994136785489584
0.0
0.0011701947958156968
0.0001738155449851767
0.0004969655722815616
0.0004088337466552748
0.0
2.448106267396855e-06
0.0
0.00010526856949806478
0.0
0.0002350182016700981
0.001419901635090176
0.0
0.0
0.0
0.0
0.0
0.0
0.0
0.0
0.0
0.0
0.0
0.0
0.0
0.0
0.0
0.0
0.0
0.0
0.0
0.0
0.0005312390600251176
0.0
0.0
0.0
0.0
0.0
9.79242506958742e-06
2.448106267396855e-06
0.001738155449851767
4.406591281314339e-05
0.00014443826977641447
0.0009033512126694395
0.00696731043701145
5.141023161533396e-05
0.0002448106267396855
1.958485013917484e-05
0.0026145774935798414
0.0
0.00035742351503994087
0.00045289965946841823
0.00030356517715721
0.0005434795913621019
0.0030283074527699097
3.672159401095283e-05
0.0
0.0007564648366256282
0.0013489065533356672
0.0018850418258955785
0.0004969655722815616
0.00015912690738079558
4.651401908054025e-05
0.0
0.0017112262809104019
0.0
0.0011016478203285849
0.00923180873435354
0.0032510851231030238
2.4481062673968552e-05
0.0005336871662925144
4.651401908054025e-05
0.003584027575468996
2.448106267396855e-06
2.448106267396855e-06
0.003669711294827886
0.0013538027658704609
0.0
0.0006267152044535949
0.00022767388286790754
0.0002399144142048918
0.0006463000545927698
0.0034885514310405187
0.00046514019080540247
4.406591281314339e-05
9.79242506958742e-06
0.0011359213080721407
0.005620851989943179
0.0009523133380173767
0.0
0.0003329424523659723
0.0
0.00022032956406571697
0.0
0.001488448610577288
0.014918759593516436
0.0023746630793749497
3.672159401095283e-05
0.0004014894278530842
0.0
0.005234051199694476
4.89621253479371e-06
0.0
0.020118537305467355
0.0033220802048575327
0.0
0.0
0.0007172951363472786
0.0001419901635090176
1.2240531336984276e-05
0.006896315355256941
1.7136743871777987e-05
0.0
0.0011971239647570622
0.0008323561309149307
0.0016818490057016395
0.0009523133380173767
0.0
0.00033539055863336914
3.916970027834968e-05
0.0008764220437280742
2.9377275208762263e-05
0.0018287353817454507
0.024444341079957597
0.000186056076322161
0.00030356517715721
0.0007882902181017874
0.0004137299591900685
0.00032559813356378175
0.0002839803270180352
0.0013562508721378578
1.958485013917484e-05
0.0005141023161533396
0.0
3.916970027834968e-05
0.0020392725207415805
0.0004186261717248622
0.001995206607928437
1.2240531336984276e-05
0.0013244254906616987
0.0
0.0017454997686539577
0.002499516499012189
0.004646505695519231
0.0
8.568371935888993e-05
0.0
2.448106267396855e-06
0.0006707811172667383
5.141023161533396e-05
0.00014933448231120816
0.00341755634928601
0.00025949926434406666
0.0
0.0
0.0
0.005444588338690606
2.448106267396855e-06
0.0
0.0
0.0005753049728382609
0.0
0.0
0.0
0.0
0.0
0.0002448106267396855
0.0
0.0
0.0
0.0
0.0
0.0
0.0
0.0
0.0
4.8962125347937104e-05
0.0
2.448106267396855e-06
0.0
0.006986895287150624
2.2032956406571695e-05
0.0
1.4688637604381132e-05
0.0024260733109902834
3.916970027834968e-05
0.0
0.003493447643575312
0.0017626365125257358
0.0
0.0
3.4273487743555974e-05
0.0
0.0006536443733949603
0.001402764891218398
0.0
0.0
0.00025949926434406666
0.00011750910083504905
0.0
4.1617806545746536e-05
0.0
4.89621253479371e-06
0.0
2.2032956406571695e-05
0.0
0.00035742351503994087
0.0020710979022177394
9.30280381610805e-05
0.0
0.00014933448231120816
0.0
3.916970027834968e-05
7.344318802190566e-06
0.0
4.89621253479371e-06
3.4273487743555974e-05
0.0
0.0
0.0
0.0
0.0
9.79242506958742e-06
8.078750682409623e-05
0.0
0.0
0.0
0.00045289965946841823
7.344318802190566e-06
0.0
0.0
0.0
4.1617806545746536e-05
0.0
3.672159401095283e-05
0.00012730152590463646
0.0002913246458202258
0.000354975408772544
2.6929168941365406e-05
2.448106267396855e-06
0.0006952621799407069
7.344318802190566e-06
2.448106267396855e-06
1.958485013917484e-05
0.0003770083651791157
0.0
0.0
1.958485013917484e-05
3.4273487743555974e-05
1.4688637604381132e-05
0.004191157929783416
7.09950817545088e-05
0.0
2.4481062673968552e-05
0.0008372523434497244
0.0005875455041752453
0.0
0.0
0.0004577958720032119
0.0
0.0
1.4688637604381132e-05
0.0012411898775702055
0.012637124552302566
4.89621253479371e-06
0.0
0.0
0.0
0.00013464584470682702
0.0
4.89621253479371e-06
0.0
6.854697548711195e-05
0.0
0.0
4.89621253479371e-06
0.0
0.0
3.4273487743555974e-05
0.0
0.0
0.0
0.0
0.0
0.0
0.0
0.0
0.0
0.00020808903272873268
7.09950817545088e-05
2.4481062673968552e-05
5.141023161533396e-05
2.448106267396855e-06
9.547614442847735e-05
1.2240531336984276e-05
2.448106267396855e-06
7.344318802190566e-06
0.0
7.344318802190566e-06
2.448106267396855e-06
0.0
0.0
0.0
0.0
4.89621253479371e-06
7.344318802190566e-06
9.79242506958742e-06
0.0
2.448106267396855e-06
0.0
2.448106267396855e-06
3.916970027834968e-05
9.79242506958742e-06
0.0
0.0
0.0
2.448106267396855e-06
7.344318802190566e-06
4.89621253479371e-06
0.016164845683621434
0.020796662741536284
0.007523030559710536
0.006130058093561725
0.007975930219178954
0.002957312371015401
0.004876627684654536
0.00618146832517706
0.012637124552302566
0.019692566814940304
0.0012828076841159522
0.0024064884608511086
0.005260980368635842
0.008487584429064898
0.003280462398311786
0.010409347848971429
0.004301322711816274
0.000354975408772544
0.0034665184746339468
0.017836902264253485
0.028875413423945905
0.0016279906678189086
0.0014125573162879854
0.014218601201040935
2.448106267396855e-06
0.004832561771841392
4.651401908054025e-05
0.00019584850139174842
0.048090599516743826
